0   0.0364861   -0.191013
100   0.497614   -0.705418
200   0.62507   0.790613
300   0.204634   -0.452365
400   0.0423428   -0.205774
500   0.0838592   -0.289585
600   0.203512   -0.451123
700   0.00330028   -0.057448
800   0.298463   0.546317
900   0.563454   0.750636
1000   0.166586   0.408149
1100   0.0142496   -0.119372
1200   0.63292   -0.795563
1300   0.520527   -0.721475
1400   0.0476761   0.218349
1500   0.00106874   -0.0326915
1600   2.01568   1.41975
1700   0.84291   0.918101
1800   0.185707   -0.430937
1900   0.0423527   -0.205798
2000   1.5978   1.26404
2100   0.772121   0.878704
2200   0.111862   -0.334458
2300   1.04732   1.02338
2400   0.287484   -0.536175
2500   0.800983   0.894976
2600   0.00293529   -0.0541783
2700   0.638524   0.799077
2800   0.219182   -0.468169
2900   0.539538   -0.734532
3000   0.0275247   -0.165906
3100   0.191918   -0.438084
3200   0.889592   0.943182
3300   0.225007   0.47435
3400   0.128247   -0.358116
3500   0.0310931   -0.176332
3600   0.0632897   -0.251574
3700   0.227859   -0.477346
3800   0.000146453   -0.0121018
3900   0.0150658   -0.122743
4000   0.0426505   0.20652
4100   1.76435   -1.32829
4200   0.481891   -0.694184
4300   0.152838   0.390945
4400   0.186454   -0.431804
4500   0.827683   -0.909771
4600   0.0974181   0.312119
4700   1.42999   -1.19582
4800   0.430661   -0.656248
4900   0.0860465   0.293337
5000   0.0453465   0.212947
5100   0.168288   0.410229
5200   0.00243576   0.0493534
5300   1.13888   -1.06719
5400   0.158879   0.398596
5500   0.0779623   0.279217
5600   0.651463   0.807133
5700   1.73928   -1.31882
5800   1.35599   -1.16447
5900   0.0733865   -0.270899
6000   0.0769561   0.27741
6100   0.223329   0.472577
6200   0.0177043   0.133058
6300   0.153415   0.391682
6400   1.32479   -1.15099
6500   1.22503   1.10681
6600   0.12317   -0.350956
6700   0.098304   -0.313535
6800   0.335968   0.579627
6900   1.03244   1.01609
7000   0.44966   -0.670567
7100   0.389828   -0.624362
7200   0.168861   0.410927
7300   0.00722739   0.085014
7400   0.618414   0.786393
7500   0.0309607   0.175957
7600   0.289156   -0.537732
7700   0.061135   -0.247255
7800   0.0512725   -0.226434
7900   1.42422   1.19341
8000   0.0645322   -0.254032
8100   0.16124   -0.401547
8200   0.398484   -0.631256
8300   0.0362843   -0.190484
8400   0.864155   0.9296
8500   0.00459214   -0.0677653
8600   0.055056   -0.23464
8700   0.0388198   0.197027
8800   0.515898   0.71826
8900   0.667693   0.817125
9000   0.0130604   -0.114282
9100   1.75777   1.32581
9200   0.378198   0.614978
9300   0.0423047   0.205681
9400   0.263708   0.513525
9500   0.912414   -0.955204
9600   3.56997   1.88944
9700   0.44853   -0.669724
9800   0.0516745   -0.22732
9900   0.88679   -0.941695
10000   0.165966   0.407389
10100   0.838484   0.915688
10200   0.143592   0.378936
10300   0.674553   0.821312
10400   0.0325564   0.180434
10500   0.077649   0.278656
10600   0.000280382   -0.0167446
10700   0.186971   0.432402
10800   0.172819   0.415716
10900   0.451827   0.67218
11000   0.122898   0.350568
11100   3.51453   1.87471
11200   0.0432142   -0.20788
11300   0.386788   -0.621923
11400   2.18205   1.47718
11500   0.923245   -0.960856
11600   0.113031   -0.336201
11700   0.0430401   -0.207461
11800   0.0154799   0.124418
11900   1.43494   1.19789
12000   0.281611   -0.530671
12100   0.00315239   -0.0561461
12200   0.546105   -0.738989
12300   0.0209056   -0.144588
12400   1.72141   1.31202
12500   0.694576   0.833412
12600   0.0282785   -0.168162
12700   1.88089   -1.37145
12800   0.235217   0.484992
12900   0.212614   -0.461101
13000   0.0253199   -0.159122
13100   0.143432   -0.378725
13200   0.00538046   -0.0733516
13300   0.136256   0.369128
13400   0.0661164   0.257131
13500   0.906049   0.951866
13600   0.263492   -0.513315
13700   0.243804   0.493765
13800   0.0243699   0.156109
13900   0.302667   -0.550152
14000   0.178601   0.422612
14100   0.530611   0.728431
14200   0.11295   -0.33608
14300   2.0644   1.4368
14400   3.33086   1.82506
14500   1.22879   1.10851
14600   0.724668   0.851274
14700   0.206296   -0.454198
14800   0.481094   0.69361
14900   0.00790355   0.0889019
15000   0.155585   -0.394442
15100   0.297797   -0.545708
15200   0.00564621   0.0751413
15300   0.264139   0.513945
15400   0.056748   0.238218
15500   1.36385   1.16784
15600   0.0266081   0.16312
15700   0.160188   -0.400235
15800   0.0182799   -0.135203
15900   0.627323   0.792037
16000   1.01526   1.0076
16100   0.0306138   0.174968
16200   0.000754198   -0.0274627
16300   0.186891   -0.432309
16400   0.0601853   -0.245327
16500   0.0152506   0.123493
16600   0.292215   0.540569
16700   2.25797   -1.50265
16800   0.132579   -0.364114
16900   0.00656164   -0.0810039
17000   0.183365   -0.428211
17100   0.0642823   0.253539
17200   0.000176694   -0.0132926
17300   0.0637822   -0.252551
17400   0.0314406   0.177315
17500   0.0142893   0.119538
17600   1.26263   1.12367
17700   1.38791   -1.1781
17800   0.548346   -0.740504
17900   1.4808   1.21688
18000   1.71472   1.30947
18100   0.35236   0.593599
18200   0.0305311   0.174732
18300   0.00603172   -0.0776642
18400   0.000480442   0.021919
18500   1.14176   1.06853
18600   0.266297   -0.516039
18700   0.13109   0.362064
18800   0.000105138   0.0102537
18900   0.0793525   -0.281696
19000   0.744851   0.863048
19100   2.59734   -1.61163
19200   0.231287   0.480924
19300   0.668738   -0.817764
19400   0.605983   -0.778449
19500   0.852325   -0.923215
19600   0.110978   0.333133
19700   0.84197   -0.917589
19800   0.357787   0.598153
19900   0.0598753   0.244694
20000   3.67042   1.91583
20100   0.893543   -0.945274
20200   0.463163   -0.680561
20300   0.341692   0.584545
20400   0.033165   -0.182113
20500   0.0381765   -0.195388
20600   0.00443617   0.0666046
20700   0.0670831   0.259004
20800   0.21282   0.461324
20900   0.124645   0.353051
21000   0.0770873   -0.277646
21100   0.0420837   0.205143
21200   0.140255   0.374506
21300   0.064574   -0.254114
21400   0.981502   -0.990708
21500   0.0930587   0.305055
21600   0.168346   -0.4103
21700   0.0337195   -0.183629
21800   0.302442   -0.549947
21900   0.270602   -0.520194
22000   0.0125211   0.111898
22100   1.11076   1.05393
22200   0.208769   0.456913
22300   0.378295   0.615057
22400   1.0139   1.00692
22500   0.0835581   -0.289064
22600   0.0908685   -0.301444
22700   0.0527013   -0.229568
22800   0.057101   -0.238958
22900   1.62902   1.27633
23000   0.0236855   0.153901
23100   0.690381   0.830891
23200   0.612544   0.782652
23300   0.0203071   -0.142503
23400   0.0470526   0.216916
23500   2.16918   1.47281
23600   0.486023   -0.697154
23700   0.213006   -0.461526
23800   0.382769   0.618683
23900   0.0128404   0.113316
24000   1.32531   1.15122
24100   0.134556   0.366819
24200   0.0200417   -0.141569
24300   0.00317068   -0.0563088
24400   0.148064   -0.38479
24500   0.0499835   0.22357
24600   0.00542527   -0.0736564
24700   0.629544   0.793438
24800   0.319035   -0.564832
24900   1.25107   -1.11851
25000   9.52567e-06   -0.00308637
25100   0.200573   -0.447853
25200   0.950404   -0.974887
25300   1.35399   1.16361
25400   0.112081   -0.334785
25500   0.402922   0.634762
25600   0.481558   -0.693943
25700   0.482282   0.694465
25800   0.916973   0.957587
25900   0.652305   0.807654
26000   1.26645   -1.12537
26100   0.244601   0.494572
26200   1.94596   -1.39498
26300   0.158572   -0.398211
26400   6.85696e-05   0.00828068
26500   1.50023   -1.22484
26600   0.359776   -0.599814
26700   0.0541532   0.232708
26800   0.0311337   0.176447
26900   0.667175   -0.816808
27000   0.00217687   0.0466569
27100   0.00709364   -0.0842237
27200   1.06347   -1.03124
27300   0.0247537   -0.157333
27400   1.34396   1.15929
27500   0.0209141   0.144617
27600   0.54514   -0.738336
27700   0.0381885   0.195419
27800   0.0431829   -0.207805
27900   0.262354   0.512205
28000   0.000529616   -0.0230134
28100   0.000143414   -0.0119756
28200   0.247911   0.497907
28300   0.0107154   0.103515
28400   0.42862   0.654691
28500   0.0433301   0.208159
28600   0.0294439   -0.171592
28700   0.000138575   -0.0117718
28800   0.657849   -0.811079
28900   0.087427   0.295681
29000   0.529394   -0.727595
29100   0.536065   0.732165
29200   0.227534   -0.477005
29300   0.363753   -0.603119
29400   0.00189878   -0.043575
29500   0.378968   0.615604
29600   1.37781   -1.1738
29700   0.356014   0.596669
29800   1.68494   -1.29805
29900   0.0525649   0.22927
30000   2.66635   -1.6329
30100   0.0422738   0.205606
30200   0.688049   -0.829487
30300   1.47989   1.21651
30400   3.41623   -1.8483
30500   0.228347   -0.477857
30600   0.042762   -0.20679
30700   0.211698   0.460107
30800   0.150716   -0.388221
30900   0.818878   -0.904919
31000   0.876927   0.936444
31100   0.693175   -0.832571
31200   1.08819   -1.04316
31300   7.14135e-06   0.00267233
31400   0.234961   -0.484728
31500   0.00773522   0.0879501
31600   0.756342   0.869679
31700   0.129954   0.360492
31800   1.55369   -1.24647
31900   0.0721098   0.268533
32000   0.147185   0.383647
32100   0.856798   -0.925634
32200   0.00286812   -0.0535549
32300   0.0711114   -0.266667
32400   0.116997   0.342049
32500   0.253835   -0.50382
32600   2.88565   -1.69872
32700   0.183111   0.427915
32800   0.894124   0.945582
32900   0.607374   -0.779342
33000   0.183752   -0.428663
33100   0.299869   0.547603
33200   2.63697   -1.62387
33300   0.541864   0.736114
33400   0.0361183   0.190048
33500   0.263977   -0.513787
33600   1.27619   1.12968
33700   0.221524   0.470664
33800   1.0019   1.00095
33900   0.843695   -0.918529
34000   0.80653   0.89807
34100   0.669106   -0.817989
34200   0.532463   0.7297
34300   0.114869   -0.338923
34400   1.10422   -1.05082
34500   0.261004   0.510886
34600   0.349428   0.591124
34700   1.45182   1.20491
34800   0.0966613   -0.310904
34900   0.00139843   -0.0373955
35000   0.00698542   0.0835788
35100   0.175999   -0.419523
35200   1.94692   -1.39532
35300   0.618577   -0.786497
35400   0.78952   -0.888549
35500   0.262162   0.512018
35600   0.0040392   -0.0635547
35700   0.0114467   -0.106989
35800   0.0191307   -0.138314
35900   0.000710069   -0.0266471
36000   4.34233e-06   0.00208382
36100   0.365893   0.604891
36200   0.537915   0.733427
36300   2.6147   -1.617
36400   0.00774747   -0.0880197
36500   0.0389097   -0.197255
36600   0.176392   -0.41999
36700   0.0200367   -0.141551
36800   0.0782872   -0.279798
36900   0.654617   0.809084
37000   0.558118   -0.747073
37100   0.00428929   0.0654927
37200   0.144709   0.380406
37300   0.052517   0.229166
37400   0.0219968   -0.148313
37500   0.0279002   0.167033
37600   0.137801   0.371216
37700   0.945575   -0.972407
37800   0.118309   0.34396
37900   0.428694   0.654747
38000   1.05546   -1.02735
38100   0.0104191   0.102074
38200   0.0555049   -0.235595
38300   0.00766531   0.0875518
38400   0.0865224   -0.294147
38500   0.243961   0.493924
38600   0.0541484   0.232698
38700   0.0186456   0.136549
38800   0.834895   -0.913726
38900   1.71654   1.31017
39000   0.0133128   0.115381
39100   0.581253   -0.7624
39200   0.00746025   0.0863727
39300   0.2653   -0.515073
39400   0.640489   0.800305
39500   1.22806   1.10818
39600   0.509559   -0.713834
39700   0.023459   -0.153163
39800   0.0958342   0.309571
39900   0.147525   -0.38409
40000   0.101   0.317805
40100   0.15526   0.39403
40200   0.00051471   -0.0226872
40300   0.0913496   -0.302241
40400   0.0672892   0.259402
40500   0.0336301   -0.183385
40600   1.09812   -1.04791
40700   0.023167   -0.152207
40800   0.00950943   -0.0975163
40900   0.394965   -0.628463
41000   2.86733   -1.69332
41100   1.11162   1.05433
41200   0.399809   0.632304
41300   0.0810038   0.284612
41400   0.0774427   0.278285
41500   0.184603   0.429655
41600   2.81947   1.67913
41700   1.18838   1.09013
41800   2.05437   1.43331
41900   1.45911   -1.20794
42000   0.268697   -0.51836
42100   0.00494305   0.0703068
42200   0.00254283   0.0504265
42300   1.98594   1.40924
42400   0.21293   -0.461444
42500   0.121584   0.348689
42600   0.190962   0.436992
42700   0.129201   0.359445
42800   0.158046   -0.39755
42900   0.136762   0.369814
43000   0.0078477   -0.0885872
43100   0.0326196   0.180609
43200   0.081419   -0.28534
43300   0.64006   0.800037
43400   0.0229887   0.15162
43500   0.851586   0.922814
43600   0.0509297   -0.225676
43700   0.000387958   0.0196967
43800   0.0175561   0.132499
43900   0.102325   0.319883
44000   0.133642   -0.365571
44100   0.00246774   -0.0496764
44200   0.0455026   0.213313
44300   1.41148   1.18806
44400   0.0601143   0.245182
44500   0.734395   -0.856969
44600   0.12065   -0.347346
44700   0.400555   -0.632894
44800   0.349355   -0.591062
44900   0.000706057   -0.0265717
45000   0.843779   0.918574
45100   0.00736515   0.0858205
45200   0.053238   0.230734
45300   0.415951   -0.644942
45400   0.0337907   0.183822
45500   1.57025   -1.2531
45600   0.0265373   0.162903
45700   0.0374318   0.193473
45800   0.0182588   0.135125
45900   1.55785   1.24814
46000   0.0062579   0.0791069
46100   0.0201261   0.141867
46200   0.561539   -0.749359
46300   0.0167672   0.129488
46400   2.24247   1.49749
46500   0.0378551   -0.194564
46600   0.670527   -0.818857
46700   0.955839   0.97767
46800   0.00370293   0.0608517
46900   0.200139   -0.447369
47000   0.336887   0.58042
47100   0.0160848   -0.126826
47200   3.01797   -1.73723
47300   2.02924e-05   -0.00450471
47400   2.94267   1.71542
47500   0.000761483   -0.027595
47600   0.0212589   -0.145804
47700   0.317637   0.563593
47800   0.529858   -0.727914
47900   0.0906849   0.301139
48000   0.0104066   0.102013
48100   0.282183   0.531209
48200   0.00678387   -0.0823642
48300   1.49006e-05   -0.00386012
48400   1.98265   -1.40807
48500   0.0637796   -0.252546
48600   0.55369   -0.744104
48700   0.0160545   -0.126706
48800   0.000230698   0.0151887
48900   0.930883   -0.964823
49000   0.391778   -0.625922
49100   0.964929   0.982308
49200   0.104904   -0.323888
49300   0.0432711   -0.208017
49400   0.450334   0.671069
49500   0.597184   0.772777
49600   0.234492   0.484244
49700   0.177673   0.421512
49800   1.3394   1.15732
49900   0.0100801   0.1004
50000   0.637152   -0.798218
50100   0.000156378   0.0125051
50200   0.0696321   -0.263879
50300   0.00228982   -0.0478521
50400   2.01573e-05   -0.00448968
50500   0.0135674   0.116479
50600   0.992804   0.996395
50700   0.375835   -0.613054
50800   1.31318   1.14594
50900   0.00852459   0.0923287
51000   0.277751   -0.527021
51100   1.11954   1.05808
51200   0.00688694   0.0829876
51300   0.104273   0.322913
51400   0.680845   0.825133
51500   0.566842   0.752889
51600   0.0203978   -0.142821
51700   0.128086   0.357891
51800   0.0240099   0.154951
51900   0.138512   -0.372172
52000   0.261319   -0.511193
52100   0.371597   -0.609588
52200   0.702322   0.838047
52300   0.368929   -0.607396
52400   0.121885   0.349121
52500   0.0985514   0.313929
52600   0.203312   0.450901
52700   0.0962286   0.310207
52800   0.184516   0.429553
52900   0.329827   -0.574305
53000   0.114598   0.338524
53100   2.88297   1.69793
53200   2.19166   -1.48043
53300   0.11459   -0.338511
53400   0.0855523   -0.292493
53500   1.71661   -1.3102
53600   0.0818372   0.286072
53700   0.0233598   -0.152839
53800   0.747165   -0.864387
53900   0.397734   0.630662
54000   0.173551   0.416594
54100   1.47998   1.21654
54200   0.00255018   0.0504993
54300   0.075896   -0.275492
54400   1.64479   -1.28249
54500   0.424543   -0.65157
54600   0.0305365   0.174747
54700   0.492323   -0.701657
54800   1.32724   -1.15206
54900   0.151071   -0.388679
55000   0.236064   0.485865
55100   1.79405   -1.33942
55200   0.0787919   -0.280699
55300   0.383189   -0.619023
55400   0.284476   -0.533363
55500   2.28751   -1.51245
55600   2.31059   1.52006
55700   0.261973   0.511833
55800   0.409527   -0.639943
55900   0.280478   -0.529602
56000   0.265386   -0.515156
56100   0.182606   -0.427324
56200   0.0530204   0.230262
56300   0.14506   0.380867
56400   0.847928   0.92083
56500   0.909179   -0.953509
56600   0.549306   0.741152
56700   1.10587   -1.0516
56800   0.00772756   0.0879065
56900   0.0283346   0.168329
57000   0.0411924   0.202959
57100   0.0660186   0.256941
57200   0.0369079   -0.192114
57300   1.03827   -1.01896
57400   0.12368   0.351682
57500   0.18488   -0.429977
57600   0.135839   0.368563
57700   0.125216   -0.353859
57800   0.000134908   -0.011615
57900   0.411525   0.641502
58000   2.1102   1.45265
58100   1.70804   -1.30692
58200   0.0408828   0.202195
58300   0.647714   -0.804807
58400   0.0128328   0.113282
58500   0.0710929   0.266633
58600   8.91452e-05   0.00944167
58700   0.330249   0.574673
58800   0.183073   0.42787
58900   1.22123   -1.10509
59000   2.99374   1.73024
59100   1.93109   -1.38964
59200   0.0779374   0.279173
59300   0.868657   -0.932018
59400   0.000182216   0.0134987
59500   0.595637   -0.771775
59600   1.43348   -1.19728
59700   0.655998   -0.809937
59800   0.000755208   -0.0274811
59900   2.0692   -1.43847
60000   0.580049   -0.76161
60100   0.0224769   -0.149923
60200   0.0156048   -0.124919
60300   0.00364539   -0.0603771
60400   0.568526   0.754007
60500   0.00984374   0.0992156
60600   0.568782   0.754176
60700   0.0879621   -0.296584
60800   0.070508   0.265533
60900   0.11109   0.333302
61000   0.500793   -0.707667
61100   0.00731258   -0.0855136
61200   0.499761   0.706938
61300   0.0708165   0.266114
61400   1.01237   1.00616
61500   0.586787   0.76602
61600   0.0429516   0.207248
61700   0.306934   -0.554016
61800   7.62588   2.7615
61900   0.00734191   -0.0856849
62000   0.159901   0.399876
62100   0.472234   -0.687192
62200   1.47368   -1.21395
62300   0.0297355   0.17244
62400   0.0857483   -0.292828
62500   0.28316   0.532128
62600   0.314678   -0.560962
62700   0.14578   0.381812
62800   0.540281   0.735038
62900   1.23396   -1.11084
63000   1.10287   1.05018
63100   0.0272735   -0.165147
63200   0.00323313   -0.0568606
63300   0.072701   -0.269631
63400   1.12797   1.06206
63500   0.62742   0.792099
63600   0.357294   -0.597741
63700   0.299519   0.547283
63800   0.00175341   0.0418737
63900   0.0185519   0.136205
64000   0.528099   0.726704
64100   0.959953   -0.979772
64200   0.0709002   0.266271
64300   0.407114   0.638055
64400   0.830192   -0.911148
64500   0.0137343   -0.117194
64600   4.33388e-05   0.00658322
64700   0.00795049   0.0891655
64800   0.00692355   -0.0832079
64900   0.0589702   0.242838
65000   1.02428   -1.01207
65100   0.667534   0.817027
65200   0.891052   -0.943956
65300   2.51492   1.58585
65400   0.425282   0.652136
65500   0.0919883   0.303296
65600   0.15316   0.391356
65700   0.057866   -0.240553
65800   0.137101   -0.370271
65900   5.95837   -2.44098
66000   0.0104324   -0.102139
66100   0.00722109   -0.084977
66200   0.371608   -0.609597
66300   0.180503   0.424856
66400   0.835018   0.913793
66500   0.301474   0.549066
66600   0.0490534   0.22148
66700   0.0338402   0.183957
66800   0.36133   0.601107
66900   0.0240296   0.155015
67000   0.345803   0.58805
67100   0.00646741   -0.0804202
67200   2.59998   -1.61244
67300   0.00972571   -0.098619
67400   0.285891   0.534688
67500   2.81271   1.67711
67600   0.0167118   -0.129274
67700   1.51818   -1.23214
67800   0.506699   -0.711828
67900   0.0139305   -0.118028
68000   0.253557   0.503545
68100   0.523087   0.723247
68200   0.821561   0.9064
68300   0.464099   0.681248
68400   0.463061   -0.680486
68500   0.0136881   0.116996
68600   0.161968   0.402453
68700   0.199356   0.446493
68800   0.706095   0.840294
68900   6.51143e-05   0.00806934
69000   0.198542   -0.445581
69100   0.0105017   -0.102478
69200   0.486427   -0.697443
69300   0.10002   0.316259
69400   1.08418   1.04124
69500   0.235785   -0.485577
69600   0.04411   -0.210024
69700   0.217584   0.466459
69800   0.396136   -0.629393
69900   0.0546652   -0.233806
70000   1.45029   -1.20428
70100   0.22734   -0.476802
70200   0.154833   0.393488
70300   0.22146   -0.470596
70400   0.360237   0.600197
70500   0.369975   -0.608256
70600   0.121219   0.348166
70700   2.79224   -1.671
70800   2.23386   1.49461
70900   0.239697   0.489589
71000   0.201719   0.449131
71100   0.642698   0.801685
71200   0.0537238   -0.231784
71300   1.63202   1.2775
71400   0.0401868   0.200466
71500   0.0337787   0.18379
71600   0.0986035   -0.314012
71700   0.0861092   -0.293444
71800   0.356891   0.597403
71900   0.128585   -0.358587
72000   0.0137267   -0.117161
72100   0.116165   -0.34083
72200   0.239611   0.489501
72300   0.0257507   -0.16047
72400   0.159593   0.399491
72500   0.837217   0.914995
72600   0.363548   0.602949
72700   0.204045   -0.451714
72800   3.59867   -1.89701
72900   0.0020294   0.0450489
73000   0.117412   0.342655
73100   1.2151e-05   -0.00348583
73200   0.0308136   -0.175538
73300   0.525299   -0.724775
73400   0.000662888   -0.0257466
73500   0.316279   -0.562387
73600   0.014209   0.119201
73700   0.00799128   0.089394
73800   0.118579   0.344353
73900   0.751285   -0.866767
74000   0.0144503   -0.12021
74100   0.143882   0.379317
74200   0.210397   0.458691
74300   0.0183133   -0.135327
74400   0.404551   0.636043
74500   0.00631746   0.0794825
74600   1.68121   -1.29661
74700   0.0770737   0.277621
74800   0.230379   0.479978
74900   0.317455   0.563431
75000   0.186157   0.431459
75100   0.374697   0.612125
75200   0.0568748   0.238484
75300   2.3924   1.54674
75400   0.656933   0.810514
75500   0.0920279   0.303361
75600   0.0400269   -0.200067
75700   0.989715   -0.994844
75800   0.247381   -0.497374
75900   3.23953   -1.79987
76000   0.00868293   -0.0931823
76100   0.0646314   0.254227
76200   0.15275   -0.390832
76300   1.19261   1.09207
76400   0.709611   -0.842384
76500   0.561607   -0.749404
76600   0.381154   0.617377
76700   0.0108997   -0.104402
76800   0.580704   -0.762039
76900   0.12038   0.346958
77000   0.101908   0.31923
77100   1.28341   1.13288
77200   1.0209   -1.01039
77300   0.0197376   -0.140491
77400   1.26486   -1.12466
77500   1.26532   -1.12487
77600   0.000391467   -0.0197855
77700   0.421275   -0.649057
77800   0.613892   -0.783513
77900   0.115341   0.339619
78000   1.07732   -1.03794
78100   0.824628   -0.90809
78200   0.0579788   -0.240788
78300   1.82972   1.35267
78400   0.141052   0.375569
78500   1.02656   -1.01319
78600   0.479611   0.692539
78700   1.00612   1.00305
78800   0.0342626   -0.185102
78900   0.0627024   -0.250405
79000   0.0348665   -0.186726
79100   0.53542   0.731724
79200   1.15438   1.07442
79300   0.385411   0.620815
79400   0.439726   0.663119
79500   0.0150557   0.122702
79600   0.841879   0.917539
79700   0.0101212   -0.100604
79800   0.0365491   0.191178
79900   0.746207   0.863832
80000   0.795757   -0.892052
80100   0.0943549   0.307172
80200   1.48383e-05   -0.00385206
80300   0.000769972   0.0277484
80400   1.99174e-07   0.000446289
80500   1.12833   -1.06223
80600   0.395006   0.628495
80700   0.0362758   -0.190462
80800   0.643591   0.802241
80900   0.0510377   -0.225915
81000   0.497217   -0.705136
81100   2.04759   -1.43094
81200   0.0100014   -0.100007
81300   0.0156436   0.125074
81400   0.662577   0.813988
81500   0.188794   -0.434504
81600   1.27761   -1.13031
81700   0.796472   -0.892453
81800   0.226808   -0.476243
81900   0.144733   -0.380437
82000   0.360999   -0.600832
82100   0.388974   0.623678
82200   0.0488967   0.221126
82300   0.472846   0.687638
82400   0.0317843   0.178282
82500   1.15123   -1.07295
82600   0.374825   0.61223
82700   0.464283   -0.681383
82800   0.581124   -0.762315
82900   0.944343   -0.971773
83000   1.59943   1.26468
83100   0.622621   0.789063
83200   0.329282   0.573831
83300   0.994536   -0.997264
83400   0.3711   -0.60918
83500   0.660012   -0.812411
83600   0.00456788   -0.0675861
83700   0.0220765   0.148582
83800   0.632196   -0.795107
83900   0.989701   -0.994837
84000   0.102323   0.31988
84100   0.237856   -0.487705
84200   0.746277   -0.863873
84300   0.489438   0.699598
84400   0.00032597   0.0180546
84500   2.50303   1.5821
84600   0.0454878   0.213279
84700   0.0351541   0.187494
84800   0.0417723   -0.204383
84900   0.000227068   0.0150688
85000   0.147172   -0.38363
85100   0.142326   -0.377262
85200   0.182971   -0.427751
85300   0.0817104   -0.28585
85400   0.110504   0.332422
85500   1.0109   -1.00544
85600   0.629478   0.793396
85700   0.834085   0.913282
85800   0.00230118   -0.0479706
85900   0.440057   0.663368
86000   1.30135   1.14077
86100   2.58211   -1.60689
86200   0.0547926   -0.234078
86300   0.72629   -0.852227
86400   0.479446   0.69242
86500   0.0148174   -0.121727
86600   0.174681   0.417949
86700   0.512878   0.716155
86800   0.0389692   -0.197406
86900   0.019901   -0.141071
87000   3.02819   1.74017
87100   2.4114   1.55287
87200   0.218673   -0.467625
87300   0.475469   0.689542
87400   0.288567   -0.537185
87500   0.328649   -0.573279
87600   0.0878784   -0.296443
87700   0.00454159   0.0673913
87800   2.42558   1.55743
87900   0.377252   0.614208
88000   0.000487611   0.0220819
88100   0.585781   -0.765363
88200   0.0128946   0.113554
88300   0.014164   0.119013
88400   0.405725   -0.636965
88500   0.624104   -0.790002
88600   0.058792   -0.242471
88700   0.00134738   0.0367067
88800   2.00521   1.41605
88900   0.00813692   -0.0902049
89000   0.483154   -0.695093
89100   0.086568   -0.294224
89200   0.0255521   -0.15985
89300   0.02889   -0.16997
89400   0.108976   -0.330115
89500   0.203258   0.450841
89600   1.20716   -1.09871
89700   1.25094   1.11845
89800   0.128837   0.358939
89900   0.233544   0.483263
90000   0.103831   -0.322228
90100   0.561868   -0.749579
90200   0.151004   -0.388593
90300   0.000419901   0.0204915
90400   0.0457001   0.213776
90500   0.584488   -0.764518
90600   1.90179   1.37905
90700   0.229751   0.479324
90800   0.340129   -0.583206
90900   0.437891   -0.661733
91000   1.29949   1.13995
91100   1.37546   1.1728
91200   0.0198093   -0.140746
91300   0.0694756   -0.263582
91400   0.0203865   -0.142781
91500   0.334186   -0.578088
91600   0.000696308   0.0263876
91700   0.0632194   0.251435
91800   6.4396e-05   0.00802471
91900   1.4715   -1.21305
92000   1.86106   1.36421
92100   0.251669   0.501667
92200   0.111025   -0.333204
92300   0.194082   0.440547
92400   0.155617   0.394483
92500   0.175353   0.418752
92600   0.618516   0.786458
92700   0.326542   0.571438
92800   0.218178   0.467095
92900   0.000565707   0.0237846
93000   0.237435   -0.487273
93100   0.0941452   0.306831
93200   0.186717   -0.432108
93300   0.254776   0.504753
93400   0.0196169   0.14006
93500   0.00931195   0.0964984
93600   1.94961   1.39628
93700   0.491399   -0.700999
93800   0.149811   0.387054
93900   0.262396   0.512246
94000   0.00456667   0.0675772
94100   0.0780224   -0.279325
94200   0.0535209   -0.231346
94300   0.000167845   0.0129555
94400   0.00507009   -0.0712046
94500   1.52627   -1.23542
94600   1.08835   1.04324
94700   1.99402   1.4121
94800   0.785474   -0.88627
94900   0.192699   0.438975
95000   0.0330106   -0.181688
95100   0.152928   0.39106
95200   0.076087   -0.275839
95300   0.003419   0.0584722
95400   7.85816e-07   -0.000886463
95500   0.0285724   -0.169034
95600   0.442764   0.665405
95700   0.00854328   0.0924299
95800   0.266141   -0.515889
95900   0.3041   0.551453
96000   0.768981   -0.876916
96100   0.873905   -0.934829
96200   0.0347406   0.186388
96300   0.84942   -0.92164
96400   0.0101375   0.100685
96500   0.559743   -0.74816
96600   0.960639   0.980122
96700   0.477397   0.69094
96800   0.916599   -0.957392
96900   0.0317044   -0.178057
97000   0.221784   -0.470939
97100   0.00265073   0.0514852
97200   1.40499   1.18532
97300   0.729163   0.85391
97400   0.237219   0.487051
97500   0.511115   0.714923
97600   0.787892   -0.887633
97700   2.25485   -1.50162
97800   0.127585   0.357191
97900   1.61042   -1.26902
98000   0.358392   0.598658
98100   0.167205   -0.408907
98200   0.71129   0.84338
98300   0.244651   -0.494622
98400   0.67943   0.824275
98500   0.824374   -0.907951
98600   0.725365   0.851684
98700   0.314173   0.560512
98800   0.434519   0.65918
98900   0.256282   -0.506243
99000   0.578431   -0.760546
99100   0.355322   -0.596089
99200   0.0276576   -0.166306
99300   0.0190983   0.138197
99400   0.0403366   -0.20084
99500   0.778555   0.882357
99600   0.371785   -0.609742
99700   0.317987   0.563903
99800   1.5186   -1.23232
99900   0.0109794   0.104783
