-10    0.000907145
-9.9    0.000917369
-9.8    0.000928012
-9.7    0.000939091
-9.6    0.000950623
-9.5    0.000962627
-9.4    0.000975119
-9.3    0.000988121
-9.2    0.00100165
-9.1    0.00101574
-9    0.00103039
-8.9    0.00104564
-8.8    0.00106152
-8.7    0.00107804
-8.6    0.00109524
-8.5    0.00111314
-8.4    0.00113178
-8.3    0.0011512
-8.2    0.00117142
-8.1    0.00119249
-8    0.00121445
-7.9    0.00123735
-7.8    0.00126124
-7.7    0.00128618
-7.6    0.00131224
-7.5    0.00133947
-7.4    0.00136796
-7.3    0.0013978
-7.2    0.00142908
-7.1    0.00146192
-7    0.00149644
-6.9    0.00153278
-6.8    0.00157111
-6.7    0.0016116
-6.6    0.00165446
-6.5    0.00169994
-6.4    0.00174829
-6.3    0.00179984
-6.2    0.00185494
-6.1    0.00191398
-6    0.00197745
-5.9    0.00204588
-5.8    0.00211987
-5.7    0.00220015
-5.6    0.00228751
-5.5    0.00238289
-5.4    0.00248736
-5.3    0.00260215
-5.2    0.00272867
-5.1    0.00286855
-5    0.00302364
-4.9    0.00319607
-4.8    0.00338828
-4.7    0.00360308
-4.6    0.00384365
-4.5    0.00411365
-4.4    0.00441724
-4.3    0.0047592
-4.2    0.00514496
-4.1    0.00558077
-4    0.0060738
-3.9    0.00663239
-3.8    0.00726625
-3.7    0.00798691
-3.6    0.00880825
-3.5    0.00974726
-3.4    0.0108252
-3.3    0.0120693
-3.2    0.0135148
-3.1    0.0152087
-3    0.0172138
-2.9    0.0196158
-2.8    0.0225322
-2.7    0.0261253
-2.6    0.0306195
-2.5    0.0363261
-2.4    0.0436736
-2.3    0.0532459
-2.2    0.0658219
-2.1    0.082404
-2    0.104209
-1.9    0.132581
-1.8    0.168771
-1.7    0.213567
-1.6    0.266844
-1.5    0.327201
-1.4    0.391966
-1.3    0.457661
-1.2    0.52081
-1.1    0.578732
-1    0.630047
-0.9    0.674868
-0.8    0.714771
-0.7    0.752562
-0.6    0.791518
-0.5    0.833516
-0.4    0.876455
-0.3    0.914146
-0.2    0.941137
-0.1    0.956901
-1.87905e-14    0.964139
0.1    0.965398
0.2    0.961784
0.3    0.953013
0.4    0.93766
0.5    0.913472
0.6    0.87801
0.7    0.829786
0.8    0.769491
0.9    0.700352
1    0.627109
1.1    0.554321
1.2    0.485195
1.3    0.421371
1.4    0.363344
1.5    0.311007
1.6    0.264045
1.7    0.222147
1.8    0.185061
1.9    0.152584
2    0.124513
2.1    0.100608
2.2    0.0805643
2.3    0.0640176
2.4    0.050557
2.5    0.0397517
2.6    0.0311771
2.7    0.0244367
2.8    0.0191766
2.9    0.0150925
3    0.0119311
3.1    0.00948637
3.2    0.0075946
3.3    0.00612735
3.4    0.00498525
3.5    0.00409206
3.6    0.0033896
3.7    0.00283365
3.8    0.00239066
3.9    0.00203515
4    0.00174774
4.1    0.00151364
4.2    0.00132156
4.3    0.00116279
4.4    0.00103061
4.5    0.000919802
4.6    0.000826282
4.7    0.000746844
4.8    0.000678951
4.9    0.000620586
5    0.000570133
5.1    0.000526289
5.2    0.000488001
5.3    0.000454409
5.4    0.000424808
5.5    0.000398618
5.6    0.000375356
5.7    0.000354622
5.8    0.000336079
5.9    0.000319443
6    0.000304475
6.1    0.000290971
6.2    0.000278758
6.3    0.000267684
6.4    0.000257623
6.5    0.000248463
6.6    0.000240106
6.7    0.000232469
6.8    0.000225479
6.9    0.00021907
7    0.000213186
7.1    0.000207776
7.2    0.000202795
7.3    0.000198205
7.4    0.00019397
7.5    0.000190058
7.6    0.000186441
7.7    0.000183094
7.8    0.000179994
7.9    0.000177121
8    0.000174456
8.1    0.000171982
8.2    0.000169684
8.3    0.000167548
8.4    0.000165561
8.5    0.000163713
8.6    0.000161992
8.7    0.000160389
8.8    0.000158896
8.9    0.000157504
9    0.000156205
9.1    0.000154994
9.2    0.000153864
9.3    0.000152809
9.4    0.000151823
9.5    0.000150903
9.6    0.000150043
9.7    0.000149239
9.8    0.000148487
9.9    0.000147785
