-10    0.0136668
-9.9    0.0136612
-9.8    0.0136556
-9.7    0.0136502
-9.6    0.0136448
-9.5    0.0136395
-9.4    0.0136343
-9.3    0.0136292
-9.2    0.0136242
-9.1    0.0136195
-9    0.0136149
-8.9    0.0136105
-8.8    0.0136064
-8.7    0.0136026
-8.6    0.0135991
-8.5    0.0135959
-8.4    0.0135932
-8.3    0.013591
-8.2    0.0135893
-8.1    0.0135882
-8    0.0135878
-7.9    0.0135882
-7.8    0.0135895
-7.7    0.0135918
-7.6    0.0135952
-7.5    0.0135998
-7.4    0.0136059
-7.3    0.0136135
-7.2    0.013623
-7.1    0.0136345
-7    0.0136482
-6.9    0.0136644
-6.8    0.0136835
-6.7    0.0137057
-6.6    0.0137315
-6.5    0.0137612
-6.4    0.0137954
-6.3    0.0138346
-6.2    0.0138793
-6.1    0.0139303
-6    0.0139882
-5.9    0.014054
-5.8    0.0141285
-5.7    0.0142128
-5.6    0.014308
-5.5    0.0144155
-5.4    0.0145368
-5.3    0.0146735
-5.2    0.0148276
-5.1    0.0150012
-5    0.0151966
-4.9    0.0154168
-4.8    0.0156648
-4.7    0.0159444
-4.6    0.0162595
-4.5    0.0166152
-4.4    0.0170169
-4.3    0.017471
-4.2    0.0179853
-4.1    0.0185685
-4    0.0192312
-3.9    0.0199859
-3.8    0.0208474
-3.7    0.0218336
-3.6    0.022966
-3.5    0.0242706
-3.4    0.0257795
-3.3    0.0275314
-3.2    0.0295744
-3.1    0.0319678
-3    0.0347854
-2.9    0.0381189
-2.8    0.0420829
-2.7    0.0468213
-2.6    0.052514
-2.5    0.0593868
-2.4    0.0677222
-2.3    0.0778725
-2.2    0.0902738
-2.1    0.105461
-2    0.124079
-1.9    0.146889
-1.8    0.174755
-1.7    0.208605
-1.6    0.249338
-1.5    0.297663
-1.4    0.353846
-1.3    0.417389
-1.2    0.486722
-1.1    0.559084
-1    0.630769
-0.9    0.697827
-0.8    0.756964
-0.7    0.806243
-0.6    0.845253
-0.5    0.874773
-0.4    0.896203
-0.3    0.911059
-0.2    0.920658
-0.1    0.925974
-1.87905e-14    0.927606
0.1    0.925794
0.2    0.920432
0.3    0.911079
0.4    0.896947
0.5    0.876909
0.6    0.849547
0.7    0.813319
0.8    0.766913
0.9    0.709813
1    0.642929
1.1    0.568966
1.2    0.492141
1.3    0.417208
1.4    0.348254
1.5    0.287869
1.6    0.237008
1.7    0.195353
1.8    0.161856
1.9    0.135193
2    0.114052
2.1    0.097278
2.2    0.0839163
2.3    0.0732064
2.4    0.0645563
2.5    0.0575102
2.6    0.0517197
2.7    0.046918
2.8    0.0429009
2.9    0.0395114
3    0.036628
3.1    0.0341563
3.2    0.0320223
3.3    0.0301675
3.4    0.0285455
3.5    0.0271191
3.6    0.0258584
3.7    0.0247388
3.8    0.0237404
3.9    0.0228465
4    0.0220434
4.1    0.0213196
4.2    0.0206654
4.3    0.0200725
4.4    0.0195338
4.5    0.0190434
4.6    0.0185959
4.7    0.0181869
4.8    0.0178124
4.9    0.017469
5    0.0171535
5.1    0.0168634
5.2    0.0165962
5.3    0.0163499
5.4    0.0161225
5.5    0.0159124
5.6    0.015718
5.7    0.0155381
5.8    0.0153714
5.9    0.0152168
6    0.0150732
6.1    0.0149399
6.2    0.0148159
6.3    0.0147006
6.4    0.0145933
6.5    0.0144932
6.6    0.0144
6.7    0.014313
6.8    0.0142318
6.9    0.0141559
7    0.0140851
7.1    0.0140187
7.2    0.0139567
7.3    0.0138986
7.4    0.0138441
7.5    0.0137931
7.6    0.0137452
7.7    0.0137002
7.8    0.0136579
7.9    0.0136182
8    0.0135809
8.1    0.0135457
8.2    0.0135125
8.3    0.0134813
8.4    0.0134518
8.5    0.013424
8.6    0.0133977
8.7    0.0133729
8.8    0.0133494
8.9    0.0133271
9    0.013306
9.1    0.013286
9.2    0.0132669
9.3    0.0132489
9.4    0.0132317
9.5    0.0132153
9.6    0.0131997
9.7    0.0131848
9.8    0.0131706
9.9    0.013157
