-10    0.0114451
-9.9    0.0114453
-9.8    0.0114456
-9.7    0.0114459
-9.6    0.0114462
-9.5    0.0114466
-9.4    0.0114471
-9.3    0.0114476
-9.2    0.0114481
-9.1    0.0114488
-9    0.0114495
-8.9    0.0114503
-8.8    0.0114513
-8.7    0.0114523
-8.6    0.0114535
-8.5    0.0114549
-8.4    0.0114565
-8.3    0.0114583
-8.2    0.0114603
-8.1    0.0114626
-8    0.0114652
-7.9    0.0114682
-7.8    0.0114715
-7.7    0.0114754
-7.6    0.0114797
-7.5    0.0114847
-7.4    0.0114903
-7.3    0.0114967
-7.2    0.011504
-7.1    0.0115123
-7    0.0115217
-6.9    0.0115324
-6.8    0.0115446
-6.7    0.0115584
-6.6    0.0115742
-6.5    0.0115921
-6.4    0.0116126
-6.3    0.0116358
-6.2    0.0116623
-6.1    0.0116924
-6    0.0117268
-5.9    0.0117659
-5.8    0.0118106
-5.7    0.0118614
-5.6    0.0119195
-5.5    0.0119857
-5.4    0.0120613
-5.3    0.0121477
-5.2    0.0122464
-5.1    0.0123594
-5    0.0124886
-4.9    0.0126367
-4.8    0.0128064
-4.7    0.0130013
-4.6    0.0132252
-4.5    0.0134827
-4.4    0.0137795
-4.3    0.0141219
-4.2    0.0145177
-4.1    0.0149761
-4    0.0155082
-3.9    0.016127
-3.8    0.0168487
-3.7    0.0176927
-3.6    0.0186826
-3.5    0.0198471
-3.4    0.021222
-3.3    0.0228506
-3.2    0.0247872
-3.1    0.0270983
-3    0.029867
-2.9    0.033196
-2.8    0.0372132
-2.7    0.0420768
-2.6    0.0479825
-2.5    0.0551715
-2.4    0.0639388
-2.3    0.0746435
-2.2    0.0877181
-2.1    0.103678
-2    0.12313
-1.9    0.146773
-1.8    0.175388
-1.7    0.209813
-1.6    0.250866
-1.5    0.299211
-1.4    0.355132
-1.3    0.418215
-1.2    0.487017
-1.1    0.55888
-1    0.630144
-0.9    0.696832
-0.8    0.755605
-0.7    0.804514
-0.6    0.843176
-0.5    0.872413
-0.4    0.893655
-0.3    0.908422
-0.2    0.918017
-0.1    0.923389
-1.87905e-14    0.925105
0.1    0.923359
0.2    0.917985
0.3    0.908445
0.4    0.893832
0.5    0.872888
0.6    0.844125
0.7    0.806113
0.8    0.757964
0.9    0.699924
1    0.633785
1.1    0.56279
1.2    0.490928
1.3    0.42196
1.4    0.358655
1.5    0.302527
1.6    0.253999
1.7    0.212759
1.8    0.178112
1.9    0.149219
2    0.125246
2.1    0.105428
2.2    0.0890907
2.3    0.0756524
2.4    0.0646176
2.5    0.0555666
2.6    0.0481463
2.7    0.0420617
2.8    0.0370681
2.9    0.0329638
3    0.0295835
3.1    0.0267926
3.2    0.0244821
3.3    0.0225634
3.4    0.0209652
3.5    0.0196298
3.6    0.0185105
3.7    0.0175697
3.8    0.0167766
3.9    0.0161063
4    0.0155384
4.1    0.0150562
4.2    0.014646
4.3    0.0142963
4.4    0.0139977
4.5    0.0137425
4.6    0.013524
4.7    0.0133367
4.8    0.013176
4.9    0.013038
5    0.0129194
5.1    0.0128175
5.2    0.0127297
5.3    0.0126542
5.4    0.0125891
5.5    0.012533
5.6    0.0124847
5.7    0.012443
5.8    0.0124071
5.9    0.012376
6    0.0123493
6.1    0.0123262
6.2    0.0123063
6.3    0.0122891
6.4    0.0122742
6.5    0.0122614
6.6    0.0122503
6.7    0.0122407
6.8    0.0122325
6.9    0.0122254
7    0.0122192
7.1    0.0122139
7.2    0.0122093
7.3    0.0122053
7.4    0.0122019
7.5    0.0121989
7.6    0.0121964
7.7    0.0121941
7.8    0.0121922
7.9    0.0121906
8    0.0121892
8.1    0.0121879
8.2    0.0121869
8.3    0.0121859
8.4    0.0121851
8.5    0.0121845
8.6    0.0121839
8.7    0.0121834
8.8    0.0121829
8.9    0.0121825
9    0.0121822
9.1    0.0121819
9.2    0.0121817
9.3    0.0121815
9.4    0.0121813
9.5    0.0121811
9.6    0.012181
9.7    0.0121809
9.8    0.0121808
9.9    0.0121807
