-10    0.0167852
-9.9    0.0167896
-9.8    0.0167943
-9.7    0.0167994
-9.6    0.0168048
-9.5    0.0168107
-9.4    0.016817
-9.3    0.0168237
-9.2    0.016831
-9.1    0.0168388
-9    0.0168472
-8.9    0.0168563
-8.8    0.016866
-8.7    0.0168764
-8.6    0.0168876
-8.5    0.0168997
-8.4    0.0169127
-8.3    0.0169267
-8.2    0.0169417
-8.1    0.0169579
-8    0.0169753
-7.9    0.0169941
-7.8    0.0170143
-7.7    0.017036
-7.6    0.0170594
-7.5    0.0170847
-7.4    0.0171118
-7.3    0.0171412
-7.2    0.0171728
-7.1    0.0172069
-7    0.0172436
-6.9    0.0172833
-6.8    0.0173262
-6.7    0.0173724
-6.6    0.0174224
-6.5    0.0174765
-6.4    0.0175349
-6.3    0.0175981
-6.2    0.0176666
-6.1    0.0177407
-6    0.0178211
-5.9    0.0179083
-5.8    0.0180029
-5.7    0.0181057
-5.6    0.0182175
-5.5    0.0183392
-5.4    0.0184718
-5.3    0.0186164
-5.2    0.0187743
-5.1    0.0189471
-5    0.0191363
-4.9    0.0193439
-4.8    0.019572
-4.7    0.0198233
-4.6    0.0201005
-4.5    0.020407
-4.4    0.0207469
-4.3    0.0211247
-4.2    0.0215458
-4.1    0.0220168
-4    0.0225451
-3.9    0.0231401
-3.8    0.0238127
-3.7    0.0245762
-3.6    0.0254468
-3.5    0.0264443
-3.4    0.0275932
-3.3    0.0289238
-3.2    0.0304738
-3.1    0.0322908
-3    0.0344349
-2.9    0.0369828
-2.8    0.0400329
-2.7    0.0437124
-2.6    0.0481869
-2.5    0.0536729
-2.4    0.0604553
-2.3    0.0689097
-2.2    0.0795316
-2.1    0.0929718
-2    0.110075
-1.9    0.131913
-1.8    0.159792
-1.7    0.195182
-1.6    0.239523
-1.5    0.29381
-1.4    0.357983
-1.3    0.430299
-1.2    0.507107
-1.1    0.583442
-1    0.654349
-0.9    0.716223
-0.8    0.767413
-0.7    0.807979
-0.6    0.839008
-0.5    0.861961
-0.4    0.878251
-0.3    0.889048
-0.2    0.89522
-0.1    0.897351
-1.87905e-14    0.89577
0.1    0.890604
0.2    0.881823
0.3    0.86928
0.4    0.852744
0.5    0.831915
0.6    0.806424
0.7    0.775817
0.8    0.739556
0.9    0.697067
1    0.647868
1.1    0.591817
1.2    0.529457
1.3    0.462363
1.4    0.393267
1.5    0.325749
1.6    0.263463
1.7    0.209217
1.8    0.164379
1.9    0.128882
2    0.101661
2.1    0.0812112
2.2    0.0660094
2.3    0.0547374
2.4    0.046352
2.5    0.0400697
2.6    0.0353191
2.7    0.0316895
2.8    0.0288871
2.9    0.0267015
3    0.0249808
3.1    0.0236145
3.2    0.0225213
3.3    0.0216409
3.4    0.0209276
3.5    0.0203469
3.6    0.0198721
3.7    0.0194825
3.8    0.0191619
3.9    0.0188975
4    0.0186789
4.1    0.0184979
4.2    0.0183478
4.3    0.0182234
4.4    0.01812
4.5    0.0180342
4.6    0.017963
4.7    0.0179038
4.8    0.0178548
4.9    0.017814
5    0.0177803
5.1    0.0177524
5.2    0.0177293
5.3    0.0177103
5.4    0.0176947
5.5    0.0176818
5.6    0.0176713
5.7    0.0176628
5.8    0.0176558
5.9    0.0176502
6    0.0176457
6.1    0.0176421
6.2    0.0176393
6.3    0.0176371
6.4    0.0176355
6.5    0.0176342
6.6    0.0176333
6.7    0.0176327
6.8    0.0176323
6.9    0.0176321
7    0.0176321
7.1    0.0176321
7.2    0.0176323
7.3    0.0176325
7.4    0.0176328
7.5    0.0176331
7.6    0.0176334
7.7    0.0176338
7.8    0.0176342
7.9    0.0176345
8    0.0176349
8.1    0.0176353
8.2    0.0176357
8.3    0.017636
8.4    0.0176364
8.5    0.0176367
8.6    0.017637
8.7    0.0176373
8.8    0.0176376
8.9    0.0176379
9    0.0176382
9.1    0.0176384
9.2    0.0176386
9.3    0.0176389
9.4    0.0176391
9.5    0.0176393
9.6    0.0176395
9.7    0.0176396
9.8    0.0176398
9.9    0.01764
